((("kbd" .
   [1 0 0])
  ("global-set-key" .
   [0 0 0 0 0 0 0 0 0 0 0 0 0 1])
  ("anything-compose" .
   [0 0 0 0 0 0 0 0 0 0 0 0 0 0 0 1])
  ("0.1" .
   [1 0 0])
  ("setq" .
   [1 0 0 0])
  ("anything-c-moccur" .
   [0 0 0 0 0 0 0 0 0 0 0 0 0 1 0 0 5])
  ("colspan" .
   [1 0 0 0 0 0 0])
  ("message" .
   [1 0 0 0 0 0 0])
  ("td" .
   [4 0])
  ("tr" .
   [5 0])
  ("$page" .
   [1 0 0 0 0])
  ("$filter_dropdown_rank" .
   [2 0 0 0 0 0 0 0 0 0 0 0 0 0 0 0 0 0 0 0 0])
  ("br" .
   [1 0])
  ("$filter_limit" .
   [3 0 0 0 0 0 0 0 0 0 0 0 0])
  ("$filter_act" .
   [2 0 0 0 0 0 0 0 0 0 1])
  ("view" .
   [2 0 0 0])
  ("$filter_rank" .
   [2 0 0 0 0 0 0 0 1 0 0 0])
  ("$this" .
   [4 0 0 0 0])
  ("m_CI" .
   [2 0 0 0])
  ("exit" .
   [1 0 0 0])
  ("$dump" .
   [1 0 0 0 0])
  ("m_guilds" .
   [1 0 0 0 0 0 0 0])
  ("T_MEMBER_GUILD_STATUSES_MODEL_NAME" .
   [0 0 0 0 0 1 0 0 0 0 0 0 0 0 0 0 0 0 0 0 0 0 0 0 0 0 0 0 0 0 0 0 0 0])
  ("s" .
   [1])
  ("self" .
   [2 0 0 0])
  ("if" .
   [2 0])
  ("$order_target" .
   [1 0 0 0 0 0 0 0 0 0 0 0 0])
  ("count" .
   [1 0 0 0 0])
  ("$count" .
   [1 0 0 0 0 0])
  ("else" .
   [1 0 0 0])
  ("$guilds" .
   [2 0 0 0 0 0 0])
  ("array" .
   [1 0 0 0 0])
  ("empty" .
   [1 0 0 0 0])
  ("cake_log" .
   [1 0 0 0 0 0 0 0])
  ("$guild" .
   [1 0 0 0 0 1])
  ("num" .
   [2 0 0])
  ("__CLASS__" .
   [1 0 0 0 0 0 0 0 0])
  ("when" .
   [2 0 0 0])
  ("require" .
   [2 0 0 0 0 0 0])
  ("js2-mode" .
   [1 0 0 0 0 0 0 0])
  ("nil" .
   [2 0 0])))
